567 atoms
 -10.983 -10.394 -12.023 -12.674 -10.898  -9.485  -9.735 -10.866 -12.338 -12.995
  -9.849  35.349  35.981  33.650  33.872  35.140  36.577  36.659  36.847  33.959
  33.254  37.461   9.865  10.368   8.662   9.217   9.233  10.861  10.691  11.077
   8.498   8.282  11.610 -10.989 -10.493 -12.070 -12.729 -10.993  -9.532  -9.801
 -11.056 -12.441 -12.970 -10.059  33.876  34.569  32.153  32.375  33.660  35.175
  35.239  35.400  32.465  31.756  36.064   9.591   9.878   8.636   9.263   9.019
  10.334  10.217  10.739   8.456   8.262  11.113  -9.644  -9.148 -10.828 -11.554
  -9.694  -8.141  -8.428  -9.821 -11.228 -11.701  -8.779  33.505  34.177  31.660
  31.841  33.195  34.803  34.850  34.927  31.935  31.320  35.608   9.010   9.311
   7.930   8.477   8.402   9.876   9.720  10.007   7.727   7.567  10.451  -9.179
  -8.787 -10.342 -11.048  -9.288  -7.774  -8.060  -9.477 -10.783 -11.160  -8.491
  32.258  32.884  30.446  30.640  31.932  33.511  33.560  33.631  30.701  30.133
  34.297   9.187   9.323   8.237   8.797   8.611   9.889   9.766  10.079   8.014
   7.882  10.423  -7.866  -7.487  -9.108  -9.867  -8.018  -6.440  -6.738  -8.264
  -9.577  -9.898  -7.251  31.828  32.414  29.921  30.081  31.416  33.057  33.094
  33.094  30.137  29.665  33.763   8.761   8.899   7.697   8.178   8.152   9.568
   9.410   9.503   7.450   7.353   9.907  -8.020  -7.706  -9.354 -10.148  -8.270
  -6.579  -6.909  -8.624  -9.881 -10.072  -7.594  30.454  31.162  28.469  28.616
  30.029  31.823  31.829  31.780  28.699  28.201  32.537   8.139   8.073   7.337
   7.907   7.592   8.700   8.593   8.838   7.077   6.997   9.084  -7.181  -6.837
  -8.675  -9.562  -7.490  -5.627  -5.993  -7.926  -9.236  -9.362  -6.810  30.123
  30.911  27.961  28.056  29.616  31.598  31.571  31.421  28.179  27.722  32.254
   7.142   7.078   6.294   6.834   6.578   7.777   7.643   7.747   6.019   5.961
   8.029  -7.237  -6.942  -8.843  -9.779  -7.642  -5.646  -6.047  -8.187  -9.461
  -9.461  -7.040  28.871  29.789  26.607  26.682  28.341  30.496  30.435  30.225
  26.838  26.360  31.153   6.396   6.153   5.779   6.398   5.886   6.822   6.730
   6.954   5.491   5.451   7.100  -6.220  -6.032  -7.763  -8.664  -6.660  -4.765
  -5.149  -7.239  -8.409  -8.342  -6.171  27.872  28.649  25.676  25.766  27.308
  29.352  29.308  29.101  25.862  25.484  29.959   6.893   6.543   6.276   6.842
   6.383   7.263   7.177   7.299   5.962   5.959   7.414  -4.964  -4.762  -6.489
  -7.398  -5.376  -3.529  -3.897  -5.930  -7.122  -7.090  -4.867  28.302  28.940
  26.103  26.181  27.677  29.642  29.613  29.389  26.243  25.971  30.175   7.102
   6.871   6.224   6.662   6.526   7.705   7.561   7.398   5.896   5.913   7.659
  -3.922  -3.818  -5.384  -6.259  -4.361  -2.617  -2.966  -4.943  -6.040  -5.951
  -3.954  27.441  27.934  25.308  25.400  26.780  28.631  28.620  28.400  25.403
  25.232  29.112   7.602   7.286   6.697   7.075   7.019   8.176   8.033   7.750
   6.344   6.398   7.996  -3.011  -2.911  -4.340  -5.158  -3.374  -1.810  -2.115
  -3.870  -4.955  -4.954  -2.949  28.180  28.450  26.169  26.282  27.505  29.128
  29.159  28.988  26.216  26.143  29.562   8.556   8.380   7.373   7.619   7.907
   9.355   9.161   8.638   7.014   7.076   9.032  -2.297  -2.306  -3.506  -4.256
  -2.667  -1.266  -1.539  -3.162  -4.133  -4.097  -2.346  27.424  27.523  25.542
  25.688  26.744  28.187  28.247  28.117  25.550  25.561  28.591   9.410   9.145
   8.223   8.423   8.763  10.148   9.966   9.380   7.845   7.935   9.743  -1.524
  -1.560  -2.576  -3.252  -1.822  -0.627  -0.853  -2.232  -3.166  -3.208  -1.504
  27.968  27.837  26.238  26.415  27.288  28.477  28.583  28.517  26.201  26.304
  28.846  10.513  10.351   9.096   9.180   9.812  11.420  11.201  10.422   8.711
   8.811  10.899  -0.053  -0.120  -1.137  -1.841  -0.380   0.819   0.594  -0.829
  -1.747  -1.747  -0.103  27.567  27.336  25.790  25.946  26.804  27.985  28.092
  27.974  25.703  25.924  28.267  10.414  10.262   8.847   8.829   9.673  11.443
  11.186  10.155   8.436   8.574  10.707   0.810   0.833  -0.402  -1.193   0.483
   1.818   1.570   0.018  -1.009  -1.029   0.840  28.207  28.010  26.273  26.378
  27.366  28.678  28.765  28.566  26.170  26.438  28.898   9.627   9.620   7.847
   7.749   8.828  10.899  10.579   9.314   7.431   7.577  10.009   2.203   2.197
   0.952   0.130   1.845   3.193   2.944   1.336   0.322   0.349   2.161  27.788
  27.505  25.800  25.882  26.866  28.183  28.269  28.016  25.652  26.030  28.322
   9.474   9.472   7.559   7.369   8.638  10.856  10.501   9.001   7.119   7.300
   9.762   3.056   2.998   1.980   1.242   2.762   3.881   3.683   2.331   1.381
   1.345   3.049  28.089  27.556  26.273  26.393  27.167  28.209  28.343  28.160
  26.075  26.555  28.308  10.698  10.765   8.578   8.273   9.815  12.214  11.830
  10.144   8.127   8.324  10.998   2.561   2.505   1.638   0.983   2.348   3.295
   3.137   2.019   1.087   0.953   2.667  28.864  28.218  27.209  27.371  28.005
  28.845  29.017  28.926  27.012  27.477  28.981  11.681  11.828   9.484   9.162
  10.785  13.246  12.859  11.206   9.048   9.224  12.100   3.231   3.115   2.490
   1.927   3.080   3.792   3.685   2.828   1.969   1.777   3.362  29.086  28.200
  27.614  27.819  28.238  28.801  29.021  29.008  27.373  27.927  28.910  12.942
  13.138  10.578  10.160  12.009  14.602  14.196  12.401  10.135  10.322  13.365
   3.085   2.828   2.488   2.020   2.911   3.449   3.372   2.649   1.946   1.815
   3.054  27.905  26.910  26.606  26.863  27.104  27.493  27.740  27.797  26.352
  26.924  27.626  13.893  13.895  11.720  11.342  13.012  15.304  14.957  13.307
  11.265  11.468  14.125   2.061   1.757   1.444   0.984   1.836   2.420   2.325
   1.524   0.873   0.813   1.921  27.049  26.180  25.753  26.023  26.297  26.766
  26.996  27.062  25.537  26.023  26.961  13.685  13.515  11.808  11.558  12.878
  14.818  14.538  13.166  11.359  11.553  13.810   1.786   1.349   1.299   0.926
   1.535   1.966   1.896   1.211   0.706   0.707   1.491  25.902  24.949  24.764
  25.084  25.200  25.519  25.771  25.904  24.543  25.032  25.745  14.530  14.166
  12.860  12.663  13.778  15.405  15.187  13.982  12.402  12.608  14.474   2.620
   2.107   2.075   1.675   2.290   2.769   2.684   1.875   1.431   1.546   2.146
  24.674  23.716  23.481  23.786  23.917  24.300  24.538  24.617  23.234  23.786
  24.479  14.212  13.709  12.627  12.423  13.478  14.987  14.783  13.526  12.143
  12.385  13.952   3.518   3.065   2.813   2.313   3.149   3.802   3.683   2.674
   2.148   2.295   3.045  24.749  23.861  23.371  23.620  23.905  24.471  24.678
  24.656  23.111  23.708  24.586  13.210  12.772  11.504  11.247  12.440  14.138
  13.890  12.442  11.009  11.268  12.953   4.527   4.010   3.771   3.243   4.092
   4.780   4.650   3.539   3.062   3.305   3.903  23.731  22.813  22.300  22.532
  22.825  23.435  23.631  23.557  22.008  22.683  23.493  12.949  12.410  11.266
  10.977  12.182  13.835  13.587  12.033  10.745  11.041  12.516   5.462   4.859
   4.875   4.433   5.065   5.527   5.446   4.562   4.181   4.400   4.807  23.570
  22.405  22.310  22.581  22.659  23.005  23.247  23.235  21.965  22.750  23.021
  14.145  13.611  12.320  11.932  13.346  15.095  14.831  13.119  11.783  12.102
  13.651   5.515   4.789   5.014   4.632   5.077   5.432   5.366   4.541   4.290
   4.587   4.692  22.355  21.119  21.203  21.509  21.466  21.710  21.966  21.990
  20.846  21.654  21.735  14.724  14.005  13.075  12.722  13.971  15.453  15.240
  13.634  12.523  12.863  14.035   6.289   5.468   5.959   5.668   5.883   6.013
   5.994   5.392   5.246   5.528   5.419  22.065  20.597  21.091  21.440  21.181
  21.165  21.465  21.557  20.686  21.592  21.158  15.923  15.182  14.177  13.743
  15.150  16.672  16.455  14.734  13.610  13.972  15.157   5.750   4.908   5.613
   5.428   5.430   5.340   5.370   5.049   4.949   5.134   4.977  22.721  21.108
  21.952  22.356  21.912  21.644  21.990  22.194  21.545  22.440  21.680  17.167
  16.483  15.364  14.914  16.387  17.932  17.721  16.054  14.811  15.152  16.499
   4.415   3.571   4.318   4.169   4.106   3.998   4.029   3.746   3.663   3.834
   3.658  22.739  21.211  22.029  22.459  22.008  21.738  22.084  22.339  21.666
  22.456  21.854  17.331  16.586  15.718  15.375  16.601  17.923  17.760  16.354
  15.185  15.498  16.694   3.758   2.870   3.856   3.818   3.519   3.192   3.269
   3.254   3.240   3.337   3.057  23.090  21.430  22.593  23.082  22.442  21.926
  22.315  22.685  22.232  23.002  22.093  18.578  17.839  16.975  16.639  17.857
  19.116  18.976  17.677  16.455  16.749  17.994   2.907   1.913   3.073   3.094
   2.624   2.232   2.313   2.323   2.427   2.601   2.050  21.906  20.276  21.508
  22.036  21.321  20.764  21.156  21.574  21.169  21.884  20.991  18.967  18.008
  17.673  17.451  18.326  19.178  19.117  18.096  17.153  17.447  18.215   2.514
   1.438   2.877   3.013   2.278   1.656   1.784   2.045   2.254   2.392   1.645
  21.785  20.003  21.605  22.195  21.271  20.462  20.897  21.422  21.257  21.977
  20.726  20.249  19.238  19.002  18.785  19.626  20.356  20.327  19.405  18.485
  18.774  19.471   1.741   0.558   2.179   2.376   1.464   0.767   0.902   1.200
   1.528   1.739   0.721  20.636  18.869  20.562  21.191  20.183  19.319  19.759
  20.335  20.232  20.904  19.639  20.693  19.470  19.737  19.624  20.146  20.488
  20.534  19.873  19.218  19.508  19.750   0.284  -0.863   0.674   0.860  -0.004
  -0.610  -0.497  -0.276   0.024   0.237  -0.713  20.702  19.115  20.595  21.226
  20.312  19.568  19.987  20.573  20.323  20.864  19.969  20.269  18.993  19.528
  19.544  19.776  19.897  19.988  19.603  19.032  19.289  19.374  -0.432  -1.663
  -0.026   0.188  -0.776  -1.387  -1.282  -1.101  -0.712  -0.413  -1.580  19.562
  18.041  19.496  20.149  19.215  18.494  18.906  19.510  19.247  19.735  18.943
  20.321  18.842  19.871  19.995  19.901  19.655  19.815  19.677  19.373  19.632
  19.265  -1.867  -3.085  -1.481  -1.263  -2.223  -2.777  -2.688  -2.555  -2.170
  -1.861  -3.016  19.460  18.093  19.392  20.056  19.182  18.546  18.942  19.569
  19.196  19.561  19.078  20.078  18.520  19.863  20.116  19.718  19.214  19.427
  19.577  19.385  19.615  19.042  -2.702  -3.896  -2.179  -1.886  -2.972  -3.670
  -3.547  -3.198  -2.815  -2.616  -3.710  20.411  18.976  20.488  21.192  20.208
  19.405  19.832  20.551  20.307  20.625  19.990  20.927  19.461  20.660  20.919
  20.560  20.102  20.317  20.549  20.205  20.402  20.046  -2.368  -3.624  -1.654
  -1.261  -2.575  -3.512  -3.337  -2.721  -2.260  -2.119  -3.351  20.606  18.954
  20.881  21.634  20.434  19.354  19.830  20.639  20.667  21.047  19.933  22.222
  20.784  21.842  22.032  21.832  21.443  21.652  21.811  21.383  21.586  21.348
  -3.081  -4.310  -2.236  -1.772  -3.203  -4.280  -4.072  -3.244  -2.789  -2.758
  -3.923  21.572  19.846  21.983  22.774  21.468  20.223  20.730  21.625  21.781
  22.124  20.848  23.042  21.705  22.590  22.776  22.639  22.321  22.526  22.742
  22.152  22.325  22.323  -2.807  -3.908  -2.024  -1.612  -2.869  -3.875  -3.672
  -2.857  -2.537  -2.606  -3.452  23.014  21.303  23.336  24.093  22.877  21.685
  22.187  23.051  23.133  23.482  22.283  22.647  21.541  21.929  22.038  22.176
  22.224  22.361  22.387  21.503  21.660  22.149  -1.535  -2.600  -0.807  -0.442
  -1.593  -2.560  -2.361  -1.587  -1.318  -1.400  -2.144  23.365  21.585  23.607
  24.332  23.148  21.976  22.477  23.286  23.365  23.809  22.494  22.376  21.385
  21.419  21.414  21.843  22.186  22.262  22.003  20.978  21.157  21.907  -1.158
  -2.101  -0.496  -0.186  -1.163  -2.056  -1.863  -1.111  -0.971  -1.144  -1.585
  24.704  22.934  24.852  25.542  24.448  23.331  23.827  24.600  24.605  25.065
  23.817  21.962  21.193  20.741  20.656  21.361  22.066  22.074  21.614  20.309
  20.476  21.696  -1.728  -2.562  -1.264  -1.063  -1.768  -2.407  -2.267  -1.767
  -1.752  -1.910  -2.099  25.076  23.545  25.014  25.650  24.798  23.969  24.416
  25.104  24.810  25.184  24.472  20.598  19.874  19.435  19.414  20.006  20.727
  20.727  20.334  19.016  19.164  20.419  -1.740  -2.591  -1.417  -1.285  -1.869
  -2.339  -2.240  -1.973  -1.957  -2.005  -2.246  24.109  22.728  23.908  24.513
  23.798  23.176  23.584  24.197  23.720  24.070  23.674  19.657  18.800  18.676
  18.723  19.106  19.637  19.664  19.356  18.247  18.409  19.341  -2.442  -3.210
  -2.301  -2.264  -2.616  -2.850  -2.801  -2.780  -2.859  -2.875  -2.929  24.201
  23.058  23.813  24.373  23.879  23.532  23.892  24.430  23.670  23.928  24.057
  18.395  17.535  17.534  17.666  17.869  18.331  18.367  18.178  17.118  17.261
  18.124  -3.929  -4.675  -3.750  -3.680  -4.077  -4.323  -4.273  -4.205  -4.289
  -4.343  -4.358  24.516  23.470  24.183  24.767  24.280  23.934  24.294  24.886
  24.090  24.230  24.547  18.534  17.650  17.839  18.076  18.052  18.329  18.408
  18.482  17.447  17.555  18.343  -4.687  -5.534  -4.380  -4.223  -4.843  -5.227
  -5.155  -4.962  -4.928  -4.949  -5.217  23.729  22.641  23.554  24.189  23.566
  23.087  23.467  24.138  23.472  23.575  23.757  19.330  18.284  18.856  19.171
  18.908  18.870  19.013  19.315  18.467  18.570  19.025  -6.088  -6.926  -5.720
  -5.518  -6.214  -6.639  -6.560  -6.289  -6.247  -6.308  -6.566  24.009  22.988
  23.913  24.579  23.932  23.421  23.807  24.542  23.875  23.871  24.176  19.629
  18.555  19.309  19.720  19.249  19.029  19.215  19.767  18.944  19.013  19.395
  -6.325  -7.098  -5.858  -5.613  -6.352  -6.888  -6.779  -6.316  -6.325  -6.518
  -6.610  25.376  24.263  25.370  26.055  25.334  24.677  25.093  25.888  25.331
  25.322  25.446  20.267  19.378  19.744  20.098  19.841  19.862  20.010  20.487
  19.396  19.440  20.241  -5.449  -6.251  -4.851  -4.545  -5.419  -6.134  -5.982
  -5.315  -5.288  -5.542  -5.687  25.775  24.449  25.894  26.604  25.720  24.844
  25.299